"","Comp.1","Comp.2","Comp.3","Comp.4","Comp.5","Comp.6","Comp.7","Comp.8","Comp.9"
"Agr",-0.523790989496361,-0.0535938943498818,0.048674387744067,-0.0287928478248058,0.212702633253463,-0.153306599491168,0.0213211566909769,0.00792206922232513,0.806417878744517
"Min",-0.00132345798379496,-0.617807136908791,-0.201100208699711,-0.0640849524809707,-0.163743056867632,0.100589666361084,-0.725718944652322,0.0883628157690237,0.0485630670476119
"Man",0.347495131102426,-0.355053603248128,-0.150463082577848,0.346088210523621,-0.384957553212356,0.288152254396677,0.479362984127674,0.125818307630633,0.365957275405753
"PS",0.255716182323334,-0.261096058488953,-0.561083249788152,-0.393308968454975,0.295171537044061,-0.357264135161907,0.25564699460734,-0.34122816712362,0.0193849951073831
"Con",0.325179319316843,-0.0512884479857567,0.153321137090722,0.668323953957353,0.471593431290537,-0.1303541524515,-0.220694989592226,-0.355733906295173,0.0825721918262847
"SI",0.378919662598099,0.350172064063431,-0.115095507138116,0.0501565092465949,-0.283568077336846,-0.614828694700619,-0.229435358836112,0.387536806196393,0.238298605346268
"Fin",0.0743735828388411,0.453697853570766,-0.587361303677704,0.0515665204908158,0.279568180819395,0.525558129621994,-0.187455252881401,0.174329338332285,0.14517064225543
"SPS",0.387408805832623,0.221521202945054,0.311903500393136,-0.412230190095878,-0.220351396241513,0.262909659032271,-0.191302124905217,-0.506154178263376,0.35094225852748
"TC",0.366822712851464,-0.202591851017891,0.375106006575974,-0.314371878726585,0.512935593038093,0.123976031046726,0.0681933142256312,0.544562380644544,0.0720551978431155
