,Agr,Min,Man,PS,Con,SI,Fin,SPS,TC
Agr,1.0000,0.0358,-0.6711,-0.4001,-0.5383,-0.7370,-0.2198,-0.7468,-0.5649
Min,0.0358,1.0000,0.4452,0.4055,-0.0256,-0.3966,-0.4427,-0.2810,0.1566
Man,-0.6711,0.4452,1.0000,0.3853,0.4945,0.2038,-0.1558,0.1542,0.3507
PS,-0.4001,0.4055,0.3853,1.0000,0.0599,0.2019,0.1099,0.1324,0.3752
Con,-0.5383,-0.0256,0.4945,0.0599,1.0000,0.3560,0.0163,0.1582,0.3877
SI,-0.7370,-0.3966,0.2038,0.2019,0.3560,1.0000,0.3656,0.5722,0.1876
Fin,-0.2198,-0.4427,-0.1558,0.1099,0.0163,0.3656,1.0000,0.1076,-0.2459
SPS,-0.7468,-0.2810,0.1542,0.1324,0.1582,0.5722,0.1076,1.0000,0.5679
TC,-0.5649,0.1566,0.3507,0.3752,0.3877,0.1876,-0.2459,0.5679,1.0000